Zond 1
1 50082U 14038D   14298.45659635 -.00000018  00000-0  00000+0 0   404
2 50082  82.5000 358.4567 0003830 214.7225 146.8050  5.00116486  5348
Zond 2
1 50082U 14038D   14298.45659635 -.00000018  00000-0  00000+0 0   404
2 50082  82.5000 328.4567 0003830 214.7225 146.8050  5.00116486  5348
Zond 3
1 50082U 14038D   14298.45659635 -.00000018  00000-0  00000+0 0   404
2 50082  82.5000 298.4567 0003830 214.7225 146.8050  5.00116486  5348
Zond 4
1 50082U 14038D   14298.45659635 -.00000018  00000-0  00000+0 0   404
2 50082  82.5000 268.4567 0003830 214.7225 146.8050  5.00116486  5348
Zond 5
1 50082U 14038D   14298.45659635 -.00000018  00000-0  00000+0 0   404
2 50082  82.5000 238.4567 0003830 214.7225 146.8050  5.00116486  5348
Zond 6
1 50082U 14038D   14298.45659635 -.00000018  00000-0  00000+0 0   404
2 50082  82.5000 208.4567 0003830 214.7225 146.8050  5.00116486  5348
Zond 7
1 50082U 14038D   14298.45659635 -.00000018  00000-0  00000+0 0   404
2 50082  82.5000 178.4567 0003830 214.7225 146.8050  5.00116486  5348
Zond 8
1 50082U 14038D   14298.45659635 -.00000018  00000-0  00000+0 0   404
2 50082  82.5000 148.4567 0003830 214.7225 146.8050  5.00116486  5348
Zond 9
1 50082U 14038D   14298.45659635 -.00000018  00000-0  00000+0 0   404
2 50082  82.5000 118.4567 0003830 214.7225 146.8050  5.00116486  5348
Zond 10
1 50082U 14038D   14298.45659635 -.00000018  00000-0  00000+0 0   404
2 50082  82.5000 098.4567 0003830 214.7225 146.8050  5.00116486  5348
Zond 11
1 50082U 14038D   14298.45659635 -.00000018  00000-0  00000+0 0   404
2 50082  82.5000 068.4567 0003830 214.7225 146.8050  5.00116486  5348
Zond 12
1 50082U 14038D   14298.45659635 -.00000018  00000-0  00000+0 0   404
2 50082  82.5000 038.4567 0003830 214.7225 146.8050  5.00116486  5348